Face 528 212 550 243
Face 566 197 591 223
Face 609 220 637 250
Face 651 199 677 227
Face 695 191 720 221
Face 731 190 753 217
Face 786 194 810 231
Face 817 192 836 219
Face 880 189 903 220
Face 764 283 792 324
Face 666 275 694 314
Face 567 287 598 324
Face 128 201 154 234
Face 172 192 199 225
Face 231 198 257 231
Face 277 201 304 235
Face 324 205 346 234
Face 378 209 403 244
Face 412 204 435 236
Face 444 213 469 247
Face 492 201 515 232
Face 343 296 372 332
Face 438 300 467 337
Face 549 369 582 415
Face 475 366 507 408
